[35, 30, 19, 28, 25, 37, 25];[33.0, 26.0, 12.0, 23.0, 23.0, 31.0, 20.0]
[16, 37, 33, 31, 27, 30, 24];[16.0, 34.0, 28.0, 25.0, 26.0, 27.0, 21.0]
[19, 30, 28, 28, 32, 40, 22];[19.0, 22.0, 27.0, 26.0, 30.0, 31.0, 21.0]
[21, 30, 31, 22, 26, 25, 44];[19.0, 23.0, 28.0, 19.0, 25.0, 22.0, 36.0]
[22, 40, 18, 38, 28, 27, 26];[20.0, 38.0, 18.0, 30.0, 26.0, 21.0, 22.0]
[26, 34, 20, 21, 16, 45, 37];[23.0, 30.0, 19.0, 20.0, 16.0, 37.0, 30.0]
[37, 38, 30, 23, 33, 20, 18];[33.0, 36.0, 26.0, 18.0, 33.0, 19.0, 15.0]
[28, 23, 34, 20, 29, 29, 36];[24.0, 22.0, 31.0, 18.0, 24.0, 26.0, 30.0]
[29, 31, 29, 22, 31, 37, 20];[26.0, 29.0, 24.0, 18.0, 24.0, 34.0, 19.0]
[25, 26, 31, 36, 24, 28, 29];[23.0, 22.0, 27.0, 35.0, 21.0, 25.0, 23.0]
[28, 31, 26, 29, 20, 32, 33];[25.0, 27.0, 25.0, 27.0, 20.0, 25.0, 29.0]
[34, 31, 30, 28, 21, 37, 18];[29.0, 29.0, 26.0, 23.0, 19.0, 31.0, 16.0]
[27, 19, 31, 28, 46, 27, 21];[26.0, 18.0, 28.0, 26.0, 45.0, 25.0, 12.0]
[10, 37, 21, 24, 31, 39, 37];[10.0, 33.0, 20.0, 22.0, 30.0, 37.0, 34.0]
[24, 25, 33, 33, 24, 35, 25];[19.0, 21.0, 28.0, 28.0, 24.0, 33.0, 22.0]
[35, 25, 22, 30, 25, 24, 38];[30.0, 24.0, 20.0, 26.0, 23.0, 24.0, 32.0]
[30, 19, 43, 29, 24, 25, 29];[23.0, 17.0, 35.0, 27.0, 24.0, 24.0, 25.0]
[31, 32, 28, 21, 30, 29, 28];[30.0, 29.0, 27.0, 20.0, 26.0, 26.0, 27.0]
[33, 33, 26, 40, 19, 30, 18];[29.0, 30.0, 23.0, 32.0, 17.0, 23.0, 16.0]
[26, 22, 43, 27, 20, 28, 33];[26.0, 21.0, 40.0, 24.0, 18.0, 24.0, 33.0]
[29, 25, 22, 31, 29, 32, 31];[27.0, 22.0, 21.0, 27.0, 27.0, 23.0, 27.0]
[21, 33, 34, 27, 28, 27, 29];[20.0, 24.0, 25.0, 22.0, 21.0, 22.0, 21.0]
[31, 21, 30, 31, 27, 25, 35];[29.0, 17.0, 22.0, 21.0, 22.0, 23.0, 28.0]
[42, 35, 22, 34, 21, 20, 25];[34.0, 30.0, 20.0, 27.0, 20.0, 14.0, 19.0]
[35, 30, 29, 25, 29, 36, 15];[34.0, 27.0, 29.0, 24.0, 27.0, 32.0, 15.0]
[24, 21, 34, 28, 35, 26, 31];[22.0, 19.0, 32.0, 23.0, 32.0, 18.0, 25.0]
[26, 39, 27, 32, 26, 29, 20];[25.0, 34.0, 23.0, 32.0, 25.0, 27.0, 18.0]
[27, 30, 28, 31, 36, 30, 17];[23.0, 22.0, 24.0, 28.0, 33.0, 27.0, 15.0]
[26, 36, 33, 22, 28, 24, 30];[25.0, 34.0, 30.0, 19.0, 24.0, 15.0, 26.0]
[21, 31, 16, 23, 27, 31, 50];[20.0, 26.0, 14.0, 22.0, 26.0, 28.0, 43.0]
[20, 32, 21, 29, 32, 35, 30];[15.0, 31.0, 18.0, 23.0, 28.0, 33.0, 26.0]
[25, 30, 29, 32, 31, 30, 22];[18.0, 29.0, 26.0, 27.0, 30.0, 27.0, 18.0]
[26, 28, 27, 38, 34, 24, 22];[23.0, 20.0, 24.0, 32.0, 28.0, 19.0, 20.0]
[28, 46, 25, 27, 26, 19, 28];[27.0, 37.0, 22.0, 26.0, 26.0, 16.0, 19.0]
[32, 26, 30, 26, 31, 31, 23];[30.0, 22.0, 29.0, 22.0, 29.0, 25.0, 21.0]
[23, 25, 23, 39, 31, 35, 23];[21.0, 24.0, 23.0, 37.0, 28.0, 28.0, 20.0]
[27, 29, 30, 24, 15, 36, 38];[25.0, 25.0, 29.0, 21.0, 15.0, 29.0, 36.0]
[19, 36, 22, 26, 38, 35, 23];[17.0, 34.0, 17.0, 24.0, 37.0, 34.0, 20.0]
[41, 20, 20, 35, 25, 34, 24];[38.0, 19.0, 18.0, 33.0, 24.0, 31.0, 22.0]
[28, 33, 24, 30, 35, 23, 26];[23.0, 22.0, 21.0, 25.0, 31.0, 22.0, 19.0]
[34, 25, 25, 17, 39, 26, 33];[29.0, 23.0, 21.0, 15.0, 36.0, 21.0, 28.0]
[34, 15, 29, 34, 34, 26, 27];[31.0, 14.0, 27.0, 33.0, 32.0, 26.0, 25.0]
[26, 33, 41, 31, 19, 27, 22];[23.0, 26.0, 34.0, 28.0, 19.0, 22.0, 18.0]
[32, 35, 34, 21, 30, 28, 19];[30.0, 32.0, 32.0, 19.0, 27.0, 26.0, 18.0]
[35, 22, 23, 27, 26, 27, 38];[34.0, 18.0, 21.0, 26.0, 21.0, 27.0, 30.0]
[28, 22, 27, 22, 30, 31, 39];[26.0, 21.0, 22.0, 19.0, 29.0, 27.0, 36.0]
[49, 26, 27, 17, 13, 36, 31];[43.0, 24.0, 25.0, 12.0, 12.0, 34.0, 25.0]
[34, 26, 35, 30, 27, 21, 25];[32.0, 24.0, 30.0, 27.0, 27.0, 19.0, 23.0]
[30, 23, 28, 23, 35, 35, 25];[28.0, 21.0, 27.0, 21.0, 32.0, 28.0, 24.0]
[31, 13, 40, 39, 25, 27, 24];[23.0, 10.0, 33.0, 30.0, 21.0, 17.0, 16.0]
[32, 27, 34, 25, 23, 23, 35];[30.0, 26.0, 33.0, 22.0, 23.0, 19.0, 35.0]
[39, 34, 26, 22, 22, 22, 34];[37.0, 33.0, 21.0, 21.0, 19.0, 19.0, 28.0]
[25, 32, 25, 25, 29, 31, 32];[18.0, 27.0, 20.0, 23.0, 26.0, 29.0, 29.0]
[27, 42, 26, 20, 25, 24, 35];[26.0, 34.0, 25.0, 20.0, 24.0, 17.0, 33.0]
[20, 44, 33, 22, 26, 36, 18];[19.0, 42.0, 32.0, 22.0, 25.0, 29.0, 17.0]
[42, 33, 24, 23, 27, 28, 22];[40.0, 31.0, 23.0, 21.0, 26.0, 27.0, 22.0]
[29, 32, 27, 24, 22, 36, 29];[25.0, 31.0, 22.0, 21.0, 22.0, 27.0, 28.0]
[32, 19, 25, 34, 19, 39, 31];[28.0, 17.0, 17.0, 24.0, 18.0, 31.0, 22.0]
[26, 30, 27, 32, 25, 27, 32];[24.0, 23.0, 23.0, 25.0, 24.0, 25.0, 28.0]
[28, 30, 18, 21, 32, 37, 33];[26.0, 22.0, 18.0, 21.0, 28.0, 35.0, 24.0]
[31, 28, 35, 24, 24, 22, 35];[28.0, 27.0, 33.0, 23.0, 22.0, 19.0, 32.0]
[22, 30, 36, 26, 23, 36, 26];[22.0, 29.0, 27.0, 24.0, 23.0, 33.0, 23.0]
[28, 24, 32, 26, 35, 34, 20];[23.0, 19.0, 24.0, 19.0, 29.0, 31.0, 16.0]
[26, 19, 37, 29, 35, 28, 25];[24.0, 18.0, 33.0, 28.0, 35.0, 25.0, 24.0]
[25, 29, 27, 27, 22, 41, 28];[22.0, 25.0, 18.0, 21.0, 21.0, 39.0, 20.0]
[34, 33, 13, 24, 16, 35, 44];[34.0, 23.0, 10.0, 22.0, 14.0, 28.0, 43.0]
[25, 26, 43, 21, 19, 44, 21];[21.0, 24.0, 32.0, 14.0, 18.0, 32.0, 8.0]
[25, 28, 22, 31, 36, 29, 28];[23.0, 25.0, 19.0, 25.0, 35.0, 27.0, 24.0]
[34, 39, 27, 22, 23, 31, 23];[33.0, 34.0, 25.0, 20.0, 21.0, 28.0, 22.0]
[24, 30, 27, 35, 25, 32, 26];[23.0, 28.0, 23.0, 33.0, 24.0, 28.0, 25.0]
[35, 24, 23, 41, 25, 26, 25];[34.0, 21.0, 23.0, 38.0, 23.0, 24.0, 22.0]
[22, 21, 30, 36, 23, 42, 25];[13.0, 17.0, 23.0, 34.0, 21.0, 35.0, 20.0]
[30, 27, 23, 29, 25, 37, 28];[29.0, 24.0, 20.0, 28.0, 21.0, 34.0, 22.0]
[20, 40, 22, 37, 28, 27, 27];[15.0, 36.0, 22.0, 29.0, 27.0, 27.0, 21.0]
[23, 23, 25, 31, 31, 33, 33];[19.0, 22.0, 19.0, 23.0, 29.0, 31.0, 28.0]
[30, 17, 28, 30, 31, 30, 33];[28.0, 13.0, 22.0, 29.0, 29.0, 28.0, 25.0]
[31, 28, 24, 30, 32, 26, 28];[26.0, 25.0, 20.0, 24.0, 29.0, 19.0, 26.0]
[23, 30, 36, 22, 31, 26, 31];[22.0, 28.0, 29.0, 20.0, 28.0, 24.0, 29.0]
[34, 18, 33, 28, 35, 31, 20];[31.0, 17.0, 31.0, 25.0, 30.0, 29.0, 18.0]
[21, 26, 31, 34, 27, 31, 29];[19.0, 21.0, 28.0, 31.0, 25.0, 27.0, 28.0]
[26, 34, 23, 23, 42, 32, 18];[24.0, 31.0, 22.0, 23.0, 40.0, 31.0, 14.0]
[23, 22, 21, 32, 33, 37, 31];[20.0, 19.0, 17.0, 27.0, 27.0, 31.0, 26.0]
[52, 25, 25, 27, 17, 30, 23];[52.0, 22.0, 22.0, 26.0, 16.0, 27.0, 18.0]
[29, 22, 21, 32, 51, 22, 22];[20.0, 17.0, 18.0, 24.0, 45.0, 17.0, 21.0]
[25, 30, 39, 20, 24, 29, 32];[25.0, 28.0, 34.0, 17.0, 22.0, 28.0, 30.0]
[37, 35, 27, 19, 27, 34, 20];[30.0, 30.0, 23.0, 19.0, 22.0, 31.0, 13.0]
[27, 20, 32, 30, 32, 21, 37];[24.0, 13.0, 30.0, 27.0, 29.0, 17.0, 33.0]
[27, 36, 29, 32, 31, 25, 19];[26.0, 33.0, 28.0, 31.0, 30.0, 24.0, 17.0]
[28, 22, 14, 23, 31, 36, 45];[27.0, 21.0, 11.0, 22.0, 28.0, 33.0, 40.0]
[17, 46, 38, 22, 24, 26, 26];[16.0, 45.0, 31.0, 21.0, 24.0, 23.0, 22.0]
[34, 13, 41, 40, 28, 30, 13];[34.0, 10.0, 40.0, 40.0, 28.0, 27.0, 12.0]
[34, 27, 26, 26, 24, 30, 32];[29.0, 26.0, 24.0, 26.0, 21.0, 30.0, 26.0]
[24, 25, 40, 23, 23, 26, 38];[22.0, 24.0, 38.0, 23.0, 23.0, 24.0, 28.0]
[29, 34, 30, 27, 26, 29, 24];[20.0, 28.0, 27.0, 19.0, 20.0, 27.0, 21.0]
[31, 26, 28, 24, 28, 33, 29];[24.0, 26.0, 27.0, 18.0, 28.0, 29.0, 26.0]
[27, 38, 13, 29, 36, 27, 29];[24.0, 32.0, 13.0, 28.0, 35.0, 21.0, 26.0]
[28, 26, 20, 30, 37, 31, 26];[24.0, 22.0, 16.0, 26.0, 29.0, 28.0, 24.0]
[24, 25, 41, 30, 23, 27, 29];[23.0, 20.0, 32.0, 26.0, 22.0, 22.0, 25.0]
[23, 36, 31, 29, 22, 31, 27];[22.0, 34.0, 27.0, 24.0, 21.0, 29.0, 22.0]
[20, 31, 38, 27, 26, 32, 25];[17.0, 26.0, 35.0, 26.0, 22.0, 25.0, 22.0]
[13, 36, 23, 39, 28, 29, 28];[11.0, 29.0, 18.0, 38.0, 20.0, 22.0, 25.0]
[18, 29, 27, 39, 35, 26, 25];[16.0, 25.0, 21.0, 35.0, 29.0, 23.0, 23.0]
[31, 27, 28, 26, 30, 37, 20];[25.0, 26.0, 20.0, 23.0, 21.0, 31.0, 16.0]
[24, 31, 30, 23, 29, 38, 24];[23.0, 29.0, 28.0, 22.0, 26.0, 37.0, 21.0]
[29, 22, 28, 27, 36, 32, 25];[24.0, 17.0, 23.0, 26.0, 25.0, 27.0, 20.0]
[28, 26, 37, 31, 23, 20, 34];[23.0, 25.0, 30.0, 26.0, 18.0, 20.0, 30.0]
[20, 34, 28, 33, 23, 34, 27];[19.0, 27.0, 26.0, 29.0, 20.0, 26.0, 25.0]
[28, 40, 27, 19, 31, 24, 30];[25.0, 35.0, 24.0, 15.0, 26.0, 17.0, 25.0]
[25, 39, 46, 23, 9, 27, 29];[25.0, 29.0, 28.0, 21.0, 7.0, 24.0, 28.0]
[30, 37, 25, 30, 20, 31, 26];[28.0, 34.0, 21.0, 24.0, 18.0, 28.0, 23.0]
[31, 26, 25, 33, 40, 25, 19];[29.0, 25.0, 22.0, 30.0, 38.0, 24.0, 18.0]
[25, 34, 23, 30, 27, 14, 46];[24.0, 23.0, 22.0, 29.0, 26.0, 12.0, 42.0]
[31, 28, 23, 27, 25, 37, 28];[25.0, 25.0, 19.0, 25.0, 21.0, 26.0, 25.0]
[13, 47, 24, 24, 28, 27, 36];[13.0, 45.0, 21.0, 22.0, 27.0, 23.0, 35.0]
[19, 27, 36, 40, 20, 20, 37];[17.0, 23.0, 27.0, 37.0, 20.0, 19.0, 30.0]
[30, 21, 39, 18, 32, 32, 27];[30.0, 20.0, 35.0, 18.0, 30.0, 29.0, 27.0]
[30, 29, 21, 23, 21, 35, 40];[28.0, 27.0, 20.0, 19.0, 19.0, 29.0, 36.0]
[25, 19, 29, 41, 26, 37, 22];[20.0, 16.0, 24.0, 40.0, 23.0, 29.0, 19.0]
[46, 25, 17, 30, 29, 23, 29];[42.0, 23.0, 14.0, 29.0, 28.0, 23.0, 26.0]
[21, 26, 20, 35, 20, 46, 31];[18.0, 20.0, 16.0, 33.0, 18.0, 41.0, 28.0]
[37, 20, 26, 24, 33, 33, 26];[26.0, 19.0, 23.0, 22.0, 29.0, 31.0, 21.0]
[25, 30, 30, 32, 21, 32, 29];[24.0, 28.0, 28.0, 32.0, 21.0, 31.0, 24.0]
[32, 16, 24, 24, 18, 53, 32];[20.0, 12.0, 19.0, 18.0, 10.0, 36.0, 23.0]
[28, 37, 17, 34, 30, 26, 27];[25.0, 28.0, 17.0, 32.0, 25.0, 21.0, 25.0]
[31, 34, 20, 33, 27, 31, 21];[30.0, 28.0, 19.0, 29.0, 25.0, 30.0, 21.0]
[28, 26, 32, 30, 30, 30, 23];[27.0, 23.0, 30.0, 30.0, 29.0, 25.0, 20.0]
[31, 22, 35, 31, 19, 37, 24];[26.0, 20.0, 28.0, 22.0, 16.0, 30.0, 18.0]
[26, 28, 31, 34, 30, 24, 26];[24.0, 27.0, 30.0, 29.0, 29.0, 22.0, 24.0]
[30, 24, 27, 28, 36, 28, 26];[28.0, 21.0, 24.0, 28.0, 35.0, 25.0, 25.0]
[25, 36, 35, 21, 23, 33, 26];[24.0, 32.0, 32.0, 16.0, 18.0, 31.0, 21.0]
[18, 24, 25, 41, 29, 32, 30];[17.0, 22.0, 21.0, 38.0, 25.0, 27.0, 24.0]
[29, 21, 29, 22, 40, 28, 30];[26.0, 18.0, 27.0, 20.0, 33.0, 24.0, 24.0]
[34, 36, 34, 18, 24, 23, 30];[30.0, 33.0, 29.0, 18.0, 23.0, 20.0, 22.0]
[17, 48, 36, 25, 25, 23, 25];[17.0, 43.0, 34.0, 24.0, 25.0, 17.0, 21.0]
[24, 44, 20, 20, 30, 34, 27];[21.0, 41.0, 18.0, 14.0, 24.0, 31.0, 24.0]
[23, 27, 22, 35, 36, 30, 26];[22.0, 24.0, 19.0, 33.0, 31.0, 24.0, 26.0]
[35, 35, 34, 30, 15, 14, 35];[28.0, 33.0, 29.0, 28.0, 15.0, 13.0, 29.0]
[33, 31, 29, 25, 31, 22, 28];[31.0, 27.0, 25.0, 20.0, 30.0, 20.0, 22.0]
[27, 18, 30, 30, 22, 37, 35];[25.0, 17.0, 23.0, 24.0, 22.0, 34.0, 30.0]
[22, 39, 28, 26, 31, 26, 27];[20.0, 34.0, 23.0, 21.0, 29.0, 19.0, 19.0]
[45, 37, 21, 25, 30, 13, 28];[35.0, 32.0, 17.0, 25.0, 27.0, 11.0, 22.0]
[18, 30, 26, 41, 26, 28, 30];[16.0, 25.0, 23.0, 36.0, 20.0, 19.0, 27.0]
[26, 34, 31, 26, 29, 27, 26];[24.0, 30.0, 28.0, 22.0, 28.0, 23.0, 26.0]
[23, 16, 41, 28, 15, 47, 29];[23.0, 14.0, 31.0, 23.0, 14.0, 37.0, 25.0]
[32, 29, 20, 30, 33, 33, 22];[27.0, 27.0, 17.0, 25.0, 31.0, 29.0, 20.0]
[29, 31, 24, 26, 33, 31, 25];[24.0, 28.0, 21.0, 24.0, 30.0, 28.0, 23.0]
[31, 34, 29, 26, 28, 26, 25];[28.0, 26.0, 25.0, 21.0, 24.0, 23.0, 22.0]
[30, 22, 23, 38, 19, 37, 30];[25.0, 20.0, 22.0, 38.0, 19.0, 33.0, 27.0]
[38, 31, 34, 28, 26, 21, 21];[33.0, 29.0, 27.0, 21.0, 23.0, 13.0, 15.0]
[25, 28, 24, 36, 22, 40, 24];[24.0, 23.0, 19.0, 28.0, 20.0, 30.0, 21.0]
[25, 30, 20, 30, 28, 31, 35];[22.0, 30.0, 19.0, 28.0, 25.0, 30.0, 33.0]
[32, 30, 27, 24, 32, 26, 28];[29.0, 27.0, 25.0, 24.0, 29.0, 21.0, 28.0]
[28, 30, 25, 26, 41, 12, 37];[24.0, 29.0, 25.0, 26.0, 41.0, 10.0, 33.0]
[25, 23, 30, 36, 24, 30, 31];[25.0, 21.0, 25.0, 33.0, 22.0, 26.0, 27.0]
[30, 31, 17, 37, 28, 26, 30];[29.0, 29.0, 15.0, 32.0, 27.0, 21.0, 26.0]
[16, 26, 28, 38, 32, 33, 26];[10.0, 19.0, 23.0, 36.0, 29.0, 32.0, 22.0]
[29, 23, 28, 27, 34, 32, 26];[26.0, 21.0, 20.0, 25.0, 28.0, 29.0, 22.0]
[27, 27, 24, 33, 21, 33, 33];[23.0, 24.0, 24.0, 30.0, 18.0, 28.0, 30.0]
[33, 18, 26, 26, 35, 24, 37];[32.0, 12.0, 24.0, 25.0, 34.0, 20.0, 33.0]
[28, 31, 25, 22, 17, 48, 28];[23.0, 24.0, 23.0, 18.0, 15.0, 43.0, 23.0]
[40, 23, 20, 40, 28, 29, 19];[36.0, 19.0, 17.0, 27.0, 25.0, 22.0, 17.0]
[37, 26, 33, 29, 29, 23, 22];[34.0, 22.0, 26.0, 27.0, 27.0, 22.0, 19.0]
[38, 38, 23, 17, 26, 34, 23];[35.0, 33.0, 21.0, 17.0, 19.0, 32.0, 18.0]
[26, 32, 19, 19, 27, 40, 36];[25.0, 24.0, 18.0, 17.0, 26.0, 35.0, 23.0]
[30, 36, 23, 26, 24, 35, 25];[27.0, 34.0, 21.0, 22.0, 22.0, 26.0, 20.0]
[29, 23, 36, 24, 28, 25, 33];[26.0, 22.0, 35.0, 23.0, 23.0, 21.0, 30.0]
[30, 32, 17, 28, 30, 36, 26];[25.0, 27.0, 12.0, 23.0, 28.0, 29.0, 21.0]
[27, 21, 41, 19, 30, 20, 41];[25.0, 17.0, 34.0, 14.0, 26.0, 15.0, 35.0]
[26, 22, 27, 29, 30, 29, 36];[25.0, 19.0, 26.0, 25.0, 30.0, 23.0, 33.0]
[31, 39, 20, 18, 26, 22, 43];[30.0, 36.0, 20.0, 18.0, 26.0, 21.0, 40.0]
[37, 39, 23, 25, 17, 23, 35];[35.0, 37.0, 18.0, 20.0, 17.0, 22.0, 24.0]
[18, 43, 17, 25, 23, 33, 39];[16.0, 33.0, 14.0, 23.0, 23.0, 25.0, 37.0]
[39, 21, 25, 34, 21, 31, 28];[37.0, 18.0, 15.0, 31.0, 20.0, 28.0, 23.0]
[34, 33, 35, 17, 24, 22, 34];[31.0, 28.0, 27.0, 17.0, 22.0, 19.0, 29.0]
[21, 24, 40, 28, 27, 20, 39];[19.0, 17.0, 39.0, 21.0, 25.0, 20.0, 36.0]
[26, 23, 21, 37, 23, 39, 30];[24.0, 17.0, 16.0, 32.0, 22.0, 30.0, 24.0]
[32, 25, 33, 21, 23, 31, 33];[28.0, 21.0, 24.0, 14.0, 21.0, 31.0, 29.0]
[12, 43, 32, 31, 20, 25, 36];[10.0, 41.0, 31.0, 23.0, 18.0, 20.0, 29.0]
[34, 39, 26, 24, 33, 30, 13];[31.0, 35.0, 19.0, 24.0, 31.0, 29.0, 12.0]
[27, 28, 22, 32, 26, 35, 29];[24.0, 24.0, 19.0, 28.0, 19.0, 31.0, 25.0]
[27, 39, 30, 24, 27, 32, 20];[26.0, 26.0, 23.0, 18.0, 23.0, 24.0, 18.0]
[36, 23, 27, 29, 25, 37, 22];[28.0, 21.0, 21.0, 24.0, 23.0, 34.0, 16.0]
[37, 26, 31, 25, 30, 27, 23];[32.0, 25.0, 28.0, 20.0, 29.0, 23.0, 22.0]
[28, 26, 25, 27, 38, 21, 33];[23.0, 23.0, 24.0, 27.0, 31.0, 18.0, 29.0]
[20, 28, 23, 25, 37, 41, 25];[19.0, 23.0, 20.0, 24.0, 32.0, 34.0, 22.0]
[28, 24, 33, 28, 27, 27, 32];[25.0, 23.0, 29.0, 25.0, 25.0, 25.0, 26.0]
[25, 36, 28, 31, 30, 36, 13];[23.0, 32.0, 27.0, 29.0, 28.0, 26.0, 10.0]
[20, 26, 38, 23, 38, 26, 28];[19.0, 25.0, 37.0, 18.0, 33.0, 21.0, 27.0]
[25, 33, 39, 17, 24, 30, 31];[24.0, 31.0, 33.0, 14.0, 21.0, 27.0, 28.0]
[24, 19, 27, 32, 40, 31, 26];[21.0, 17.0, 23.0, 29.0, 39.0, 25.0, 25.0]
[25, 30, 23, 38, 27, 34, 22];[25.0, 24.0, 21.0, 35.0, 25.0, 29.0, 20.0]
[36, 34, 23, 23, 21, 31, 31];[35.0, 33.0, 18.0, 17.0, 16.0, 30.0, 29.0]
[24, 20, 28, 30, 31, 29, 37];[19.0, 14.0, 21.0, 24.0, 23.0, 26.0, 31.0]
[31, 23, 21, 37, 26, 32, 29];[26.0, 19.0, 18.0, 32.0, 20.0, 23.0, 23.0]
[25, 27, 44, 21, 16, 36, 30];[25.0, 21.0, 39.0, 20.0, 12.0, 34.0, 29.0]
[29, 13, 19, 40, 38, 29, 31];[25.0, 12.0, 17.0, 32.0, 34.0, 25.0, 25.0]
[5, 10, 8, 12, 7, 12, 145];[5.0, 9.0, 7.0, 11.0, 7.0, 11.0, 145.0]
[22, 18, 33, 39, 22, 35, 30];[21.0, 17.0, 26.0, 34.0, 21.0, 33.0, 23.0]
[22, 23, 31, 30, 24, 29, 40];[16.0, 22.0, 29.0, 24.0, 22.0, 26.0, 38.0]
[28, 18, 30, 38, 26, 32, 26];[23.0, 17.0, 29.0, 30.0, 22.0, 30.0, 25.0]
